{
  "iiith_cooking_57_2_2451_2499": {
    "exo_video_path": "/media/skr/storage/paper_reproduction/egoX/EgoX/example/egoexo4D/videos/iiith_cooking_57_2_2451_2499/exo.mp4",
    "ego_video_path": "/media/skr/storage/paper_reproduction/egoX/EgoX/example/egoexo4D/videos/iiith_cooking_57_2_2451_2499/ego_GT.mp4",
    "ego_prior_path": "/media/skr/storage/paper_reproduction/egoX/EgoX/example/egoexo4D/videos/iiith_cooking_57_2_2451_2499/ego_Prior.mp4",
    "prompt": "[Exo view] **Scene Overview:** The kitchen is a rectangular space with beige walls and a tiled floor. The floor tiles are light-colored and square. On the left side, there is a large stainless steel refrigerator with a circular handle. Next to it, a black countertop extends along the wall, cluttered with various items including a stack of plates, a green plastic container, and several bottles of condiments. Above the countertop, there are shelves holding various containers and bottles, including a red and white bottle, a green bottle, and a few others. In the center of the kitchen, a woman wearing a long gray dress with a floral pattern and yellow rubber boots is standing at the sink, which is situated against the back wall. The sink area is filled with dishes and utensils. To the right of the sink, there is a stove with three burners, and a few pots and pans are visible on the stove. The windows above the sink are partially open, allowing light to enter. The door to the kitchen is located on the right side of the frame, and there is a small blue container on the floor near the wall. **Action Analysis:** In the first frame, the woman is positioned at the sink, her hands are engaged in washing dishes. The left hand is submerged in soapy water, while the right hand is holding a dish. As the sequence progresses to the second frame, her left hand moves to grasp another dish, indicating a transition in her task from washing to rinsing. By the third frame, the woman has shifted her focus slightly, as her right hand is now stirring a pink container with a white spoon, suggesting she is preparing something while still managing the dishes. The left hand is still engaged in rinsing another dish. In the fourth frame, the woman continues to stir the contents of the pink container, now holding the spoon with her right hand while her left hand stabilizes the container. The actions flow seamlessly from washing dishes to preparing food, demonstrating a multitasking approach in the kitchen environment. [Ego view] **Scene Overview:** From the first-person perspective, the view is focused on the countertop area, which is cluttered with a pink container, a silver pot, and a plate with floral designs. The pink container is partially filled with a mixture, and a white spoon is visible in the container. The background shows the tiled wall with a wooden cutting board leaning against it, and several bottles of condiments are arranged on the countertop. The window above the sink allows light to filter in, illuminating the workspace. **Action Analysis:** In the first frame, the view shows the pink container being stirred with a white spoon, indicating the beginning of a mixing process. The right hand is actively engaged in this action, while the left hand is positioned to stabilize the container. As the sequence progresses to the second frame, the stirring continues, and the focus remains on the pink container. The right hand's movement is consistent, suggesting a steady mixing action. In the third frame, the left hand is still stabilizing the pink container, while the right hand continues to stir. The action appears fluid, with no interruptions, indicating a continuous effort in preparing the mixture. By the fourth frame, the right hand is still engaged in stirring, and the left hand remains in a supportive role. The perspective emphasizes the hands' interaction with the container, showcasing the ongoing preparation process in the kitchen. The actions reflect a focused and methodical approach to cooking.",
    "take_name": "iiith_cooking_57_2_2451_2499",
    "vipe_results_path": "/media/skr/storage/paper_reproduction/egoX/EgoX/example/egoexo4D/vipe_results/iiith_cooking_57_2_2451_2499",
    "best_camera": "iiith_cooking_57_2_2451_2499",
    "camera_extrinsics": [
      [
        0.9497359008116719,
        0.3130360053762773,
        0.0032030797465661376,
        1.1557176798543622
      ],
      [
        0.06842803724058874,
        -0.1976022123106106,
        -0.9778920775580713,
        -0.34250323722050713
      ],
      [
        -0.3054822484223923,
        0.9289584333916687,
        -0.20909038604754507,
        1.7080119530156035
      ]
    ],
    "camera_intrinsics": [
      [
        1233.3629690139674,
        0.0,
        1920.0
      ],
      [
        0.0,
        1233.3629690139674,
        1080.0
      ],
      [
        0.0,
        0.0,
        1.0
      ]
    ],
    "ego_extrinsics": [
      [
        [
          0.48224432386812566,
          0.4974826852974343,
          -0.7210765489144441,
          1.043050388442922
        ],
        [
          0.659341400473152,
          -0.748078006732581,
          -0.075154583967461,
          -0.6633955387596199
        ],
        [
          -0.5768096124468173,
          -0.43919275057218754,
          -0.6887673026964977,
          -0.9646625342685705
        ]
      ],
      [
        [
          0.4940701374083756,
          0.48832418442542536,
          -0.7193289864088154,
          1.038513278049868
        ],
        [
          0.6432437861429801,
          -0.761936110964462,
          -0.07543736583101765,
          -0.6920159050036744
        ],
        [
          -0.5849206198512508,
          -0.4254325505698573,
          -0.6905613765598715,
          -0.9517739698528315
        ]
      ],
      [
        [
          0.5076192741871622,
          0.4738781391845226,
          -0.7195569344385822,
          1.0277180050203172
        ],
        [
          0.6227071947912912,
          -0.7789750132806168,
          -0.07371349347539904,
          -0.7276280958423883
        ],
        [
          -0.5954480853337141,
          -0.4106548898753727,
          -0.6905100577081744,
          -0.938563865241515
        ]
      ],
      [
        [
          0.5199220080449051,
          0.4567153170884759,
          -0.7218671795863149,
          1.0125246151848972
        ],
        [
          0.6001539909304218,
          -0.7966576699944705,
          -0.07177565843761013,
          -0.765305532178573
        ],
        [
          -0.607862067491526,
          -0.3959137240313888,
          -0.6882993759498099,
          -0.9263680710563476
        ]
      ],
      [
        [
          0.5307068417223093,
          0.43861467403359944,
          -0.7252361105742655,
          0.9951766765468345
        ],
        [
          0.5766992870114684,
          -0.8139309857297228,
          -0.07024445682716024,
          -0.8028485287139391
        ],
        [
          -0.6211023915540546,
          -0.3809639338597651,
          -0.6849075127407627,
          -0.9143099466987039
        ]
      ],
      [
        [
          0.539738902579481,
          0.42069329503124797,
          -0.7291769805332209,
          0.9770461290644182
        ],
        [
          0.5530954884616655,
          -0.8302072812819807,
          -0.06957910897774822,
          -0.8388254601718771
        ],
        [
          -0.6346395025572578,
          -0.36574994595371996,
          -0.6807787306795084,
          -0.9022012496831586
        ]
      ],
      [
        [
          0.5486962896579404,
          0.40411575694745583,
          -0.7318625801413823,
          0.96053925289647
        ],
        [
          0.5307307846100201,
          -0.8447633795705353,
          -0.06855409991902486,
          -0.871475888078001
        ],
        [
          -0.6459544994117532,
          -0.3508066215617215,
          -0.6779952044213124,
          -0.8892156544474658
        ]
      ],
      [
        [
          0.558803753026159,
          0.38905904451987744,
          -0.7323738291407995,
          0.9465421302443365
        ],
        [
          0.5095852439876476,
          -0.8578167461410104,
          -0.06688280602733329,
          -0.9010261990555397
        ],
        [
          -0.6542638954516506,
          -0.33583253327638596,
          -0.677609965373422,
          -0.8744121754631126
        ]
      ],
      [
        [
          0.5704857587239544,
          0.374632443997892,
          -0.7308874955208193,
          0.9341614058486555
        ],
        [
          0.4889381404354387,
          -0.8699472097231808,
          -0.06427556028056503,
          -0.9286032122214681
        ],
        [
          -0.6599132473852811,
          -0.32069048105466835,
          -0.6794645845870421,
          -0.8577555509117706
        ]
      ],
      [
        [
          0.5816973659246638,
          0.3607065112035964,
          -0.7290534869489846,
          0.9221811212311228
        ],
        [
          0.46946123776760273,
          -0.8808278481855113,
          -0.06122455429680562,
          -0.9534009984850693
        ],
        [
          -0.6642547102791574,
          -0.30664819078579125,
          -0.6817129640218899,
          -0.841864522187524
        ]
      ],
      [
        [
          0.5913164294172947,
          0.34724147830548363,
          -0.7278517951802375,
          0.9099790890450746
        ],
        [
          0.45098086001219356,
          -0.8906138293629071,
          -0.058508711782175926,
          -0.9756378700011985
        ],
        [
          -0.6685515266514731,
          -0.29365006627047646,
          -0.6832338498526609,
          -0.8274718439594904
        ]
      ],
      [
        [
          0.598637219507613,
          0.3349787408941793,
          -0.7276144050074653,
          0.8981395705187674
        ],
        [
          0.4341043917076297,
          -0.8990726943804582,
          -0.05675972447206218,
          -0.9944623757411175
        ],
        [
          -0.673191544991514,
          -0.2818821252131411,
          -0.6836341202940077,
          -0.8150923966229447
        ]
      ],
      [
        [
          0.6034037944012915,
          0.3257798914932701,
          -0.7278539159726368,
          0.8889700675610999
        ],
        [
          0.4206541360492298,
          -0.9054572979462083,
          -0.05654359698978895,
          -1.0078832203013524
        ],
        [
          -0.6774614073443982,
          -0.27205613939476,
          -0.6833970278814032,
          -0.8050866494646562
        ]
      ],
      [
        [
          0.6061241081822644,
          0.3190291965484414,
          -0.7285835146167492,
          0.8818825736043509
        ],
        [
          0.40995695215045724,
          -0.9102880287387566,
          -0.0575413325876305,
          -1.0169729094149946
        ],
        [
          -0.681578215337411,
          -0.2638106876832281,
          -0.6825357571179228,
          -0.7971077425722637
        ]
      ],
      [
        [
          0.6067056949398466,
          0.3139463244280035,
          -0.7303053505383991,
          0.8756928813060616
        ],
        [
          0.40147485039404507,
          -0.9139442548963428,
          -0.05936196609704367,
          -1.0224534843996813
        ],
        [
          -0.6860948506697659,
          -0.25718398852319363,
          -0.6805367378676247,
          -0.7916029217132937
        ]
      ],
      [
        [
          0.605735583173985,
          0.3107766684974554,
          -0.7324631493940099,
          0.870876499062243
        ],
        [
          0.39555609543865433,
          -0.916367886735607,
          -0.061686866970032006,
          -1.0242827356711186
        ],
        [
          -0.6903765480621104,
          -0.2523643334009718,
          -0.6780062415051058,
          -0.7883560166990415
        ]
      ],
      [
        [
          0.6035312387629379,
          0.30913188077669546,
          -0.7349745056788137,
          0.8671420022851447
        ],
        [
          0.3914946242709224,
          -0.9179103270659309,
          -0.06459558785104158,
          -1.0232312091234779
        ],
        [
          -0.6946092447029418,
          -0.2487531129004399,
          -0.6750110261757075,
          -0.7866893175482457
        ]
      ],
      [
        [
          0.6007031670532172,
          0.3082253577581767,
          -0.7376671568277979,
          0.8639911266069278
        ],
        [
          0.3882584842620186,
          -0.9190497981966277,
          -0.06784408281668541,
          -1.020510532002556
        ],
        [
          -0.6988641176644269,
          -0.24565137650884245,
          -0.6717472349529379,
          -0.7855689620440509
        ]
      ],
      [
        [
          0.5978408502341552,
          0.307608654391186,
          -0.7402453872908021,
          0.8612463182682745
        ],
        [
          0.38594984972666524,
          -0.9198198343468261,
          -0.07052790348563637,
          -1.0166531974683162
        ],
        [
          -0.7025873832532123,
          -0.2435331343074323,
          -0.6686273856556711,
          -0.7851376902297763
        ]
      ],
      [
        [
          0.5954433624466126,
          0.30622213857653774,
          -0.7427484121062788,
          0.8578361653923838
        ],
        [
          0.3846076567122302,
          -0.9203372011764964,
          -0.07110826329053527,
          -1.011864926682873
        ],
        [
          -0.7053539197668468,
          -0.2433257831432623,
          -0.6657840565699908,
          -0.7862548152825412
        ]
      ],
      [
        [
          0.5930692488952546,
          0.3043438305879958,
          -0.7454151185875088,
          0.853764996234571
        ],
        [
          0.3849191340846835,
          -0.9203291841728332,
          -0.06950866203832218,
          -1.0052577876409434
        ],
        [
          -0.707181819999171,
          -0.24570109181264144,
          -0.6629667019147507,
          -0.7897950249343806
        ]
      ],
      [
        [
          0.5902292972871993,
          0.3020259895724185,
          -0.7486051555315466,
          0.8487596228909903
        ],
        [
          0.38667747121975865,
          -0.9198332611553184,
          -0.06623675833031298,
          -0.9974946744761984
        ],
        [
          -0.7085971427862287,
          -0.25037387263509076,
          -0.6596991857871042,
          -0.795941426629515
        ]
      ],
      [
        [
          0.5865441642643043,
          0.2995374847922136,
          -0.7524913548696961,
          0.8429136708772176
        ],
        [
          0.38936232542333465,
          -0.9189745461453435,
          -0.06231184455104555,
          -0.9888773777842715
        ],
        [
          -0.7101851334075904,
          -0.25644313453324785,
          -0.6556477692719629,
          -0.8039679091708332
        ]
      ],
      [
        [
          0.5815925224583972,
          0.2964298208899635,
          -0.7575483476249635,
          0.8355156255646954
        ],
        [
          0.39202034903081995,
          -0.9181079302593995,
          -0.058291283750084105,
          -0.980288542790611
        ],
        [
          -0.7127904205326435,
          -0.2630725929860897,
          -0.6501712287967617,
          -0.8134153057011867
        ]
      ],
      [
        [
          0.5767452655975371,
          0.2932092960309205,
          -0.7624914480380457,
          0.8280903361649197
        ],
        [
          0.393552494143138,
          -0.9176439719905622,
          -0.05519039631221784,
          -0.9732822479311398
        ],
        [
          -0.715878016381416,
          -0.2682496105516075,
          -0.6446400669568275,
          -0.8213720986814631
        ]
      ],
      [
        [
          0.5715253770159623,
          0.2899176192275,
          -0.7676630232448493,
          0.8205658203000987
        ],
        [
          0.3941206530328707,
          -0.9175239502041052,
          -0.053091529998868514,
          -0.9675540678860378
        ],
        [
          -0.7197413799160358,
          -0.2722086955169161,
          -0.6386507427809558,
          -0.8284486246955243
        ]
      ],
      [
        [
          0.5652083273763253,
          0.2866270639715187,
          -0.7735531481454541,
          0.8126995259035354
        ],
        [
          0.39406206941255234,
          -0.9176072837710312,
          -0.05207647151320871,
          -0.9626129281628917
        ],
        [
          -0.7247445289955197,
          -0.27539389888559623,
          -0.6315881321480626,
          -0.8355708259772705
        ]
      ],
      [
        [
          0.5582385252147151,
          0.2842948016003786,
          -0.779452509822291,
          0.8058616011880592
        ],
        [
          0.39415403944342287,
          -0.9175508537395871,
          -0.052373900534787216,
          -0.9577885115940807
        ],
        [
          -0.7300769429250026,
          -0.2779872260530967,
          -0.6242681801172019,
          -0.8424735828860379
        ]
      ],
      [
        [
          0.5514755846322474,
          0.28253887231697034,
          -0.784886275250944,
          0.7999885771304484
        ],
        [
          0.3942661570438615,
          -0.9174527899229257,
          -0.05324072866904106,
          -0.9531531606953673
        ],
        [
          -0.7351386786309235,
          -0.28009313357523524,
          -0.617348329007594,
          -0.8488604366106318
        ]
      ],
      [
        [
          0.5447963416153557,
          0.2803105464115272,
          -0.79033090756566,
          0.7937767009488175
        ],
        [
          0.393623332666156,
          -0.9176760675485276,
          -0.054141534782150086,
          -0.9495579777833657
        ],
        [
          -0.7404442030063703,
          -0.28159657588578196,
          -0.6102833356089927,
          -0.8550129905635325
        ]
      ],
      [
        [
          0.5383955128642876,
          0.2774178742925272,
          -0.795719545651926,
          0.7870927165983223
        ],
        [
          0.3919180725795782,
          -0.9183548895729111,
          -0.05499567008247008,
          -0.9475586154995435
        ],
        [
          -0.746009716355506,
          -0.2822474481924295,
          -0.6031632308547291,
          -0.8605214885650363
        ]
      ],
      [
        [
          0.5319725885012246,
          0.2739889679148876,
          -0.8012085934209872,
          0.7799265053395014
        ],
        [
          0.3892774716729159,
          -0.9194198598560177,
          -0.055947919934886986,
          -0.9467966596700612
        ],
        [
          -0.7519762061601646,
          -0.2821296960290322,
          -0.595763895142078,
          -0.8655833168206023
        ]
      ],
      [
        [
          0.5250841991133142,
          0.26966031438397614,
          -0.8071987974699776,
          0.771592441412519
        ],
        [
          0.38517397967702544,
          -0.9210729389886578,
          -0.057145832977904765,
          -0.94773033216041
        ],
        [
          -0.758898932107046,
          -0.280905599309189,
          -0.5875069829019886,
          -0.870211010032627
        ]
      ],
      [
        [
          0.519164313745907,
          0.2649727788802627,
          -0.8125625155043805,
          0.7634393116520607
        ],
        [
          0.3796166262392901,
          -0.923290239314096,
          -0.05853503486258485,
          -0.9505562855674027
        ],
        [
          -0.765741230555176,
          -0.27807293967827357,
          -0.5799274156868691,
          -0.8728220067091041
        ]
      ],
      [
        [
          0.5140488204287973,
          0.26029607446592073,
          -0.8173125251391642,
          0.755815772215067
        ],
        [
          0.37196944397963233,
          -0.9262361391273259,
          -0.06103562051590966,
          -0.9556969744062344
        ],
        [
          -0.7729117303091313,
          -0.2726399968663734,
          -0.5729527807725546,
          -0.8724731856191958
        ]
      ],
      [
        [
          0.5094340470638516,
          0.256378624405893,
          -0.8214298223645357,
          0.7494501118258949
        ],
        [
          0.3628519189844324,
          -0.9295702422844208,
          -0.06509724506908815,
          -0.9621447727138334
        ],
        [
          -0.7802662604214597,
          -0.26489463402850205,
          -0.5665822067877928,
          -0.8694564865987234
        ]
      ],
      [
        [
          0.5057287146489904,
          0.25368808652736574,
          -0.8245488602037516,
          0.7450981969485779
        ],
        [
          0.3536387082244471,
          -0.9327532750944048,
          -0.07007849631291863,
          -0.9685580528681876
        ],
        [
          -0.7868787279223253,
          -0.2561516852420561,
          -0.561434042932183,
          -0.8646524103948325
        ]
      ],
      [
        [
          0.5013041938896107,
          0.25066979324199284,
          -0.8281659012090447,
          0.7400508631952976
        ],
        [
          0.34419197835738025,
          -0.9359042320423882,
          -0.07493430723787647,
          -0.975204501128473
        ],
        [
          -0.7938677391087146,
          -0.24748317747474807,
          -0.5554512486351051,
          -0.8603976332954233
        ]
      ],
      [
        [
          0.4965370300077358,
          0.24693641965560936,
          -0.8321498560099307,
          0.7340092895733715
        ],
        [
          0.3346727740479429,
          -0.9390210303333438,
          -0.07895340667661818,
          -0.9819948475635809
        ],
        [
          -0.8009026861245769,
          -0.23929461040222338,
          -0.5489016104345353,
          -0.8569456602674899
        ]
      ],
      [
        [
          0.49271218339386197,
          0.24375197378974214,
          -0.8353560191488005,
          0.7291240950771638
        ],
        [
          0.3258173264214412,
          -0.941813938698602,
          -0.0826412194726073,
          -0.9882156540528662
        ],
        [
          -0.8068939044131958,
          -0.23145512971053783,
          -0.543461817706297,
          -0.8531280066878457
        ]
      ],
      [
        [
          0.4891490386243303,
          0.2411162901390811,
          -0.8382100883583491,
          0.7250552521026552
        ],
        [
          0.3175692072575534,
          -0.9442987495221609,
          -0.0863114627173692,
          -0.9937853120352551
        ],
        [
          -0.8123318386391642,
          -0.2239705445581694,
          -0.5384739342436297,
          -0.8494254476989407
        ]
      ],
      [
        [
          0.4852046727683731,
          0.23821649332391173,
          -0.8413259347436859,
          0.7204798532159695
        ],
        [
          0.309066808436613,
          -0.9467880034567834,
          -0.08983421931727595,
          -0.9996146358019425
        ],
        [
          -0.8179572936813073,
          -0.21643793807296874,
          -0.5330107752860955,
          -0.8460201107048455
        ]
      ],
      [
        [
          0.4817721100998201,
          0.23544993421634824,
          -0.8440728418522558,
          0.7163180461918831
        ],
        [
          0.30015258928502564,
          -0.9492993012245562,
          -0.09348400731858728,
          -1.005942652887094
        ],
        [
          -0.8232885624150832,
          -0.20831266159853778,
          -0.5280168348193602,
          -0.8416760687265994
        ]
      ],
      [
        [
          0.4783232573712898,
          0.2324619937829976,
          -0.8468578881416585,
          0.7118919982010322
        ],
        [
          0.2904427706061955,
          -0.9519369184189489,
          -0.09725790243784857,
          -1.013107222370948
        ],
        [
          -0.8287640546038911,
          -0.19944303477626618,
          -0.5228504729860013,
          -0.83667206634365
        ]
      ],
      [
        [
          0.4739608706586569,
          0.22930418309904624,
          -0.8501650921078603,
          0.7067402975027549
        ],
        [
          0.27929429383904814,
          -0.9547918761124521,
          -0.10181928799111953,
          -1.0215827567877294
        ],
        [
          -0.8350783133290123,
          -0.18918790123854606,
          -0.5165773380063531,
          -0.8308743815361839
        ]
      ],
      [
        [
          0.4681820793833899,
          0.22569675815469137,
          -0.8543222543280931,
          0.7002928878371338
        ],
        [
          0.2658925173493212,
          -0.9580041309287459,
          -0.1073743714207851,
          -1.0320268809763622
        ],
        [
          -0.8426782957933634,
          -0.1768871381231823,
          -0.5085314455700028,
          -0.8240241512048767
        ]
      ],
      [
        [
          0.46184628812473766,
          0.22198144215506502,
          -0.8587329300273565,
          0.6934491452029216
        ],
        [
          0.25032738348449646,
          -0.9614381226117703,
          -0.11389879742978373,
          -1.0442798271720275
        ],
        [
          -0.850901995967787,
          -0.16236063091183434,
          -0.4996046614437821,
          -0.8153569277248095
        ]
      ],
      [
        [
          0.4564973364190177,
          0.21838052843624106,
          -0.8625080444931971,
          0.687445827342945
        ],
        [
          0.232743031097718,
          -0.9649643357335467,
          -0.12113840386852134,
          -1.0580483326746066
        ],
        [
          -0.8587437705986887,
          -0.14544337780713834,
          -0.49133019528369054,
          -0.8040060132801019
        ]
      ],
      [
        [
          0.45397039575858034,
          0.21483509625251174,
          -0.8647292992817704,
          0.68335295068482
        ],
        [
          0.2133328602226494,
          -0.9684769516652457,
          -0.1286137016499908,
          -1.0731086033449866
        ],
        [
          -0.8651011330021331,
          -0.12608836179381333,
          -0.48549125044393365,
          -0.7891652335983165
        ]
      ]
    ],
    "ego_intrinsics": [
      [
        150.0,
        0.0,
        255.5
      ],
      [
        0.0,
        150.0,
        255.5
      ],
      [
        0.0,
        0.0,
        1.0
      ]
    ]
  }
}